544
16
1008
80
984
144
904
272
760
400
632
24
1000
88
968
152
880
304
712
432
616
40
936
104
872
168
808
336
664
496
552
8
1016
72
952
136
920
264
792
392
680
20
996
84
964
148
884
300
748
428
620
36
932
100
900
164
836
332
700
484
564
12
1012
76
956
140
916
268
788
396
684
28
988
92
972
156
876
308
716
436
612
44
940
108
908
172
844
340
692
492
556
4
1020
68
948
132
924
260
796
388
676
18
998
82
966
146
886
298
750
426
622
34
934
102
902
166
838
330
702
482
566
10
1014
74
954
138
918
266
790
394
682
26
990
90
974
154
878
306
718
434
614
42
938
106
910
170
842
338
694
490
558
2
1022
66
946
130
926
258
798
386
678
17
999
81
967
145
887
297
751
425
623
33
935
101
903
165
839
329
703
481
567
9
1015
73
955
137
919
265
791
393
683
25
991
89
975
153
879
305
719
433
615
41
939
105
911
169
843
337
695
489
559
1
1023
65
947
129
927
257
799
385
679
16
1000
80
968
144
888
296
752
424
624
32
936
100
904
164
840
328
704
480
568
8
1016
72
956
136
920
264
792
392
680
24
992
88
976
152
880
304
720
432
616
40
944
104
912
168
848
336
696
488
560
3
1021
67
949
131
925
259
797
387
677
19
997
83
965
147
885
299
749
427
621
35
933
103
901
167
837
331
701
483
565
11
1013
75
953
139
917
267
789
395
681
27
989
91
973
155
877
307
717
435
613
43
941
107
909
171
841
339
693
491
557
5
1019
69
951
133
923
261
795
389
675
21
995
85
963
149
883
301
747
429
619
37
931
109
899
173
835
333
699
485
563
13
1011
77
957
141
915
269
787
397
685
29
987
93
971
157
875
309
715
437
611
45
943
111
907
175
845
341
691
493
555
6
1018
70
950
134
922
262
794
390
674
22
994
86
962
150
882
302
746
430
618
38
930
110
898
174
834
334
698
486
562
14
1010
78
958
142
914
270
786
398
686
30
986
94
970
158
874
310
714
438
610
46
942
112
906
176
846
342
690
494
554
7
1017
71
951
135
921
263
793
391
673
23
993
87
961
151
881
303
745
431
617
39
929
111
897
175
833
335
697
487
561
15
1009
79
959
143
913
271
785
399
687
31
985
95
969
159
873
311
713
439
609
47
941
113
905
177
847
343
689
495
553
